#      x          Cp  
     1.00000    0.31716
     0.99619    0.18881
     0.99099    0.15012
     0.98497    0.11738
     0.97830    0.09184
     0.97120    0.07032
     0.96385    0.05184
     0.95638    0.03563
     0.94885    0.02118
     0.94128    0.00811
     0.93370   -0.00386
     0.92612   -0.01492
     0.91852   -0.02523
     0.91092   -0.03491
     0.90332   -0.04405
     0.89572   -0.05271
     0.88812   -0.06097
     0.88051   -0.06886
     0.87290   -0.07642
     0.86529   -0.08370
     0.85768   -0.09071
     0.85006   -0.09749
     0.84245   -0.10405
     0.83483   -0.11041
     0.82721   -0.11660
     0.81959   -0.12261
     0.81197   -0.12848
     0.80434   -0.13420
     0.79672   -0.13979
     0.78909   -0.14526
     0.78146   -0.15062
     0.77383   -0.15587
     0.76620   -0.16103
     0.75857   -0.16609
     0.75094   -0.17107
     0.74331   -0.17597
     0.73567   -0.18079
     0.72804   -0.18554
     0.72040   -0.19023
     0.71276   -0.19486
     0.70512   -0.19943
     0.69748   -0.20395
     0.68984   -0.20842
     0.68220   -0.21284
     0.67456   -0.21722
     0.66692   -0.22156
     0.65928   -0.22586
     0.65164   -0.23013
     0.64399   -0.23436
     0.63635   -0.23857
     0.62871   -0.24274
     0.62106   -0.24689
     0.61342   -0.25102
     0.60577   -0.25512
     0.59813   -0.25921
     0.59048   -0.26328
     0.58284   -0.26733
     0.57519   -0.27137
     0.56755   -0.27541
     0.55990   -0.27943
     0.55226   -0.28344
     0.54462   -0.28745
     0.53697   -0.29146
     0.52933   -0.29547
     0.52169   -0.29949
     0.51404   -0.30350
     0.50640   -0.30754
     0.49876   -0.31158
     0.49112   -0.31564
     0.48348   -0.31973
     0.47584   -0.32384
     0.46821   -0.32800
     0.46057   -0.33220
     0.45294   -0.33646
     0.44530   -0.34079
     0.43767   -0.34522
     0.43004   -0.34979
     0.42241   -0.35450
     0.41479   -0.35947
     0.40717   -0.36494
     0.39957   -0.37144
     0.39199   -0.37830
     0.38442   -0.38334
     0.37686   -0.38787
     0.36931   -0.39218
     0.36175   -0.39610
     0.35420   -0.39978
     0.34666   -0.40322
     0.33911   -0.40643
     0.33157   -0.40943
     0.32404   -0.41223
     0.31651   -0.41483
     0.30898   -0.41724
     0.30146   -0.41944
     0.29394   -0.42146
     0.28642   -0.42328
     0.27892   -0.42490
     0.27142   -0.42632
     0.26392   -0.42754
     0.25643   -0.42855
     0.24895   -0.42934
     0.24148   -0.42992
     0.23401   -0.43027
     0.22656   -0.43039
     0.21911   -0.43027
     0.21167   -0.42989
     0.20425   -0.42926
     0.19683   -0.42835
     0.18943   -0.42715
     0.18205   -0.42566
     0.17467   -0.42385
     0.16732   -0.42171
     0.15998   -0.41921
     0.15266   -0.41634
     0.14537   -0.41306
     0.13810   -0.40936
     0.13085   -0.40518
     0.12364   -0.40051
     0.11645   -0.39527
     0.10931   -0.38944
     0.10221   -0.38293
     0.09516   -0.37567
     0.08816   -0.36756
     0.08124   -0.35848
     0.07439   -0.34830
     0.06765   -0.33684
     0.06104   -0.32387
     0.05460   -0.30915
     0.04837   -0.29237
     0.04243   -0.27323
     0.03685   -0.25142
     0.03173   -0.22672
     0.02712   -0.19898
     0.02307   -0.16816
     0.01955   -0.13419
     0.01652   -0.09694
     0.01392   -0.05614
     0.01169   -0.01141
     0.00977    0.03785
     0.00811    0.09229
     0.00666    0.15266
     0.00540    0.21986
     0.00431    0.29479
     0.00336    0.37789
     0.00254    0.46932
     0.00184    0.56839
     0.00126    0.67230
     0.00079    0.77594
     0.00043    0.87103
     0.00018    0.94675
     0.00004    0.99134
     0.00000    0.99768
     0.00006    0.96250
     0.00023    0.88316
     0.00052    0.76654
     0.00093    0.62893
     0.00146    0.48663
     0.00212    0.35311
     0.00289    0.23534
     0.00380    0.13534
     0.00483    0.05280
     0.00601   -0.01441
     0.00734   -0.06875
     0.00885   -0.11213
     0.01057   -0.14648
     0.01254   -0.17338
     0.01479   -0.19404
     0.01739   -0.20938
     0.02041   -0.22013
     0.02391   -0.22685
     0.02796   -0.23006
     0.03258   -0.23025
     0.03777   -0.22796
     0.04349   -0.22375
     0.04963   -0.21821
     0.05610   -0.21179
     0.06283   -0.20487
     0.06975   -0.19771
     0.07681   -0.19047
     0.08397   -0.18326
     0.09121   -0.17615
     0.09852   -0.16917
     0.10589   -0.16235
     0.11330   -0.15570
     0.12074   -0.14922
     0.12822   -0.14291
     0.13573   -0.13678
     0.14326   -0.13082
     0.15082   -0.12502
     0.15839   -0.11938
     0.16598   -0.11389
     0.17359   -0.10856
     0.18120   -0.10337
     0.18884   -0.09833
     0.19648   -0.09342
     0.20414   -0.08865
     0.21180   -0.08401
     0.21947   -0.07951
     0.22715   -0.07513
     0.23484   -0.07087
     0.24254   -0.06674
     0.25024   -0.06273
     0.25795   -0.05885
     0.26567   -0.05508
     0.27339   -0.05144
     0.28112   -0.04791
     0.28885   -0.04451
     0.29659   -0.04123
     0.30433   -0.03807
     0.31207   -0.03504
     0.31982   -0.03214
     0.32758   -0.02937
     0.33533   -0.02674
     0.34309   -0.02426
     0.35085   -0.02193
     0.35861   -0.01978
     0.36637   -0.01780
     0.37412   -0.01608
     0.38187   -0.01461
     0.38961   -0.01329
     0.39735   -0.01324
     0.40508   -0.01356
     0.41281   -0.01296
     0.42054   -0.01194
     0.42827   -0.01068
     0.43601   -0.00930
     0.44374   -0.00782
     0.45148   -0.00627
     0.45922   -0.00466
     0.46696   -0.00301
     0.47470   -0.00133
     0.48244    0.00037
     0.49018    0.00208
     0.49793    0.00381
     0.50568    0.00555
     0.51343    0.00729
     0.52118    0.00903
     0.52893    0.01077
     0.53668    0.01250
     0.54444    0.01423
     0.55220    0.01595
     0.55995    0.01766
     0.56771    0.01937
     0.57547    0.02106
     0.58323    0.02275
     0.59099    0.02442
     0.59875    0.02608
     0.60652    0.02773
     0.61428    0.02937
     0.62204    0.03099
     0.62980    0.03261
     0.63756    0.03421
     0.64532    0.03580
     0.65308    0.03738
     0.66083    0.03895
     0.66859    0.04051
     0.67635    0.04207
     0.68410    0.04361
     0.69186    0.04515
     0.69962    0.04669
     0.70737    0.04822
     0.71513    0.04974
     0.72288    0.05127
     0.73063    0.05280
     0.73839    0.05433
     0.74614    0.05586
     0.75390    0.05741
     0.76165    0.05896
     0.76940    0.06053
     0.77716    0.06211
     0.78491    0.06371
     0.79266    0.06533
     0.80042    0.06699
     0.80817    0.06867
     0.81592    0.07040
     0.82368    0.07216
     0.83143    0.07398
     0.83919    0.07586
     0.84694    0.07781
     0.85470    0.07983
     0.86245    0.08195
     0.87021    0.08417
     0.87797    0.08652
     0.88572    0.08900
     0.89348    0.09165
     0.90124    0.09450
     0.90899    0.09758
     0.91675    0.10093
     0.92451    0.10463
     0.93226    0.10873
     0.94001    0.11335
     0.94775    0.11864
     0.95545    0.12478
     0.96310    0.13208
     0.97062    0.14097
     0.97789    0.15211
     0.98471    0.16652
     0.99086    0.18674
     0.99614    0.21373
     1.00000    0.31716
